PrDSM	TraP	SilVA	PhD-SNPg	FATHMM-MKL	CADD	DANN	FATHMM-XF
0.0548845060999	0.1		0.059	0.00886	6.232	0.5297770864900446	0.0065
0.350975989527	0.146	0.023	0.517	0.88089	12.14	0.7336257691527805	0.007042
0.819937797109	0.947	0.631	0.848	0.84959	19.24	0.9272366594554328	0.352112
0.0163174232792	0.011	0.007	0.019	0.02856	0.973	0.6292292269156913	0.00998
0.254439962586	0.0	0.031	0.11	0.72874	11.26	0.7511133164596997	0.007469
0.189351162617	0.364	0.103	0.234	0.09428	11.95	0.683524810706974	0.002118
0.266362391321	0.009		0.033	0.52273	18.96	0.7696122450566362	0.004446
0.858392850331	0.98	0.573	0.798	0.99285	19.74	0.9231504954587963	0.710094
0.0312277097009	0.003		0.068	0.05845	8.139	0.7451821085222657	0.005581
0.057708928405	0.0		0.008	0.11441	8.653	0.8509561785326194	0.006979
0.00596182477229	0.0	0.004	0.847	0.01163	21.1	0.955515632911266	0.016963
0.103422156627	0.267	0.007	0.014	0.03413	0.884	0.3432129083066467	0.016827
0.848667355529	0.987	0.543	0.935	0.98816	21.7	0.966403624788914	0.714943
0.0338024092287	0.044		0.006	0.02264	0.124	0.5855262146669575	0.004093
0.456241866153	0.077		0.166	0.83456	18.66	0.7822808832051795	0.004768
0.0253013546338	0.044	0.0	0.009	0.02989	0.728	0.4660037737403978	0.009043
0.2882114036	0.233		0.04	0.34265	17.81	0.6809557956161757	0.005935
0.787911471846	0.931	0.446	0.291	0.96362	22.5	0.9499642629181624	0.371145
0.0233128437947	0.013		0.01	0.03263	0.425	0.7104876341106187	0.006437
0.0320231962516	0.002		0.029	0.06104	11.34	0.63715051981507	0.007497
0.368048158746	0.059	0.096	0.463	0.94242	11.83	0.7302118502488599	0.012788
0.0395821316512	0.004		0.002	0.07416	0.366	0.7630414450677111	0.00456
0.301874148446	0.054	0.02	0.063	0.82864	11.42	0.7842644607352551	0.004689
0.373796481816	0.13		0.042	0.61672	0.832	0.4576230704230377	0.005049
0.135989030779	0.02	0.011	0.005	0.37439	16.41	0.901891145446678	0.004543
0.246311875292	0.144	0.049	0.607	0.54161	11.13	0.7515312972021853	0.011731
0.0587849066564	0.089		0.031	0.02765	11.66	0.8015362799121869	0.00893
0.0868161648055	0.005		0.159	0.16763	6.286	0.4692481219324222	0.005499
0.0616602950352	0.131	0.009	0.019	0.04261	2.376	0.823674659582836	0.010017
0.814008552872	0.903	0.514	0.994	0.99853	22.9	0.8722302505622814	0.872384
0.476964955625	0.04		0.052	0.91297	10.24	0.5980444470623547	0.009693
0.403816181618	0.039		0.025	0.76767	18.38	0.7894917924472574	0.003463
0.309627123509	0.13		0.044	0.48838	7.742	0.5484402453134761	0.00595
0.463386904593	0.097		0.024	0.82887	9.257	0.692666739050479	0.0092
0.135686610167	0.266		0.029	0.00463	4.179	0.4732011621182513	0.007425
0.256256875719	0.033	0.011	0.288	0.72221	18.72	0.8549248990620759	0.025913
0.0210348445966	0.009		0.022	0.03207	8.335	0.5499130282216577	0.005196
0.246807422036	0.07		0.485	0.42268	19.81	0.7709582987295948	0.004641
0.198694881183	0.339		0.035	0.05772	10.67	0.6527041317501588	0.017083
0.0265205364274	0.022	0.036	0.002	0.01775	5.562	0.8085269508217822	0.004963
0.129329365855	0.29	0.044	0.006	0.05005	0.23	0.3341936548443213	0.006002
0.0731305324309	0.138		0.178	0.00739	0.149	0.5043274309179488	0.005017
0.0373662197444	0.016		0.009	0.05774	9.175	0.4945696192730821	0.005564
0.0573605414006	0.079	0.04	0.059	0.04913	8.836	0.6671156741741675	0.004534
0.0204399258238	0.006	0.003	0.014	0.05012	2.041	0.4393514803550922	0.004734
0.181927631273	0.081		0.005	0.28193	0.843	0.2611710879630238	0.004923
0.600419874922	0.25		0.052	0.95009	17.53	0.943871893040192	0.01979
0.30594254497	0.018		0.017	0.5929	9.468	0.6327338051916597	0.00783
0.0314852447261	0.005	0.01	0.011	0.07691	9.365	0.7791462966934923	0.004257
0.397555529939	0.0		0.162	0.79411	10.84	0.7307833210732497	0.009018
0.351931370796	0.07		0.025	0.63293	18.17	0.9603820458175488	0.010601
0.210990958865	0.049	0.001	0.013	0.58092	16.08	0.6227182056742026	0.00331
0.379812729898	0.231	0.06	0.489	0.84366	12.87	0.7781668300039815	0.049658
0.185801273856	0.023		0.104	0.34762	9.658	0.561466641561422	0.005271
0.0375791297032	0.0		0.015	0.07415	19.8	0.8164577764965671	0.004207
0.450566593235	0.017		0.066	0.88315	11.42	0.7580766270963814	0.006853
0.0680339899897	0.121		0.022	0.01418	0.124	0.2450107985476088	0.004697
0.327705898765	0.213		0.012	0.44162	16.81	0.7462897081975548	0.007112
